0.0318266200
0.0101319300
0.0055601330
0.0030563480
0.0026205720
0.0021775850
0.0017273870
0.0017116880
0.0021304890
0.0058364330
0.0059413290
0.0060508320
0.0064674380
0.0103885100
0.0056483330
0.0030546390
0.0026074250
0.0021590000
0.0017093630
0.0016889290
0.0020976990
0.0057327980
0.0058357190
0.0059416290
0.0062467790
0.0150692000
0.0318266200
0.0056946840
0.0030304140
0.0025757080
0.0021262820
0.0016821370
0.0016607040
0.0020619810
0.0056334540
0.0057345790
0.0058386190
0.0061369850
0.0147996500
0.0101319300
0.0103885100
0.0069204350
0.0036285730
0.0016787790
0.0010710550
0.0008052119
0.0008812496
0.0021041200
0.0021396660
0.0021738580
0.0021178470
0.0047705360
0.0055601330
0.0056483330
0.0056946840
0.0078488130
0.0029649650
0.0016639290
0.0009759455
0.0009010134
0.0016683650
0.0016925090
0.0017116780
0.0013991360
0.0026819540
0.0030563480
0.0030546390
0.0030304140
0.0069204350
0.0076543430
0.0036774210
0.0015151670
0.0011675790
0.0015952630
0.0016133070
0.0016230480
0.0010792140
0.0015569800
0.0026205720
0.0026074250
0.0025757080
0.0036285730
0.0078488130
0.0071115310
0.0024228750
0.0016809470
0.0018848140
0.0019020590
0.0019079670
0.0011580790
0.0013956140
0.0021775850
0.0021590000
0.0021262820
0.0016787790
0.0029649650
0.0076543430
0.0073910380
0.0038787380
0.0024017920
0.0024101680
0.0024025550
0.0013289360
0.0012539460
0.0017273870
0.0017093630
0.0016821370
0.0010710550
0.0016639290
0.0036774210
0.0071115310
0.0077609520
0.0031461980
0.0031376360
0.0031068110
0.0015917830
0.0011319750
0.0017116880
0.0016889290
0.0016607040
0.0008052119
0.0009759455
0.0015151670
0.0024228750
0.0073910380
0.0055224890
0.0054233290
0.0052853760
0.0025612260
0.0013699970
0.0021304890
0.0020976990
0.0020619810
0.0008812496
0.0009010134
0.0011675790
0.0016809470
0.0038787380
0.0077609520
0.0092672460
0.0089382480
0.0042372650
0.0019680120
0.0058364330
0.0057327980
0.0056334540
0.0021041200
0.0016683650
0.0015952630
0.0018848140
0.0024017920
0.0031461980
0.0055224890
0.0322849700
0.0150423000
0.0062261230
0.0059413290
0.0058357190
0.0057345790
0.0021396660
0.0016925090
0.0016133070
0.0019020590
0.0024101680
0.0031376360
0.0054233290
0.0092672460
0.0153413100
0.0063448960
0.0060508320
0.0059416290
0.0058386190
0.0021738580
0.0017116780
0.0016230480
0.0019079670
0.0024025550
0.0031068110
0.0052853760
0.0089382480
0.0322849700
0.0065728440
0.0064674380
0.0062467790
0.0061369850
0.0021178470
0.0013991360
0.0010792140
0.0011580790
0.0013289360
0.0015917830
0.0025612260
0.0042372650
0.0150423000
0.0153413100
0.0150692000
0.0147996500
0.0047705360
0.0026819540
0.0015569800
0.0013956140
0.0012539460
0.0011319750
0.0013699970
0.0019680120
0.0062261230
0.0063448960
0.0065728440