0.05161
0.03118
0.01935
0.01075
0.00538
0.00860
0.01398
0.01290
0.01505
0.01935
0.01398
0.02581
0.04624

0.08817
0.03763
0.02258
0.01183
0.00860
0.00968
0.00860
0.01613
0.01398
0.01290
0.01183
0.01828
0.05161

0.07849
0.02688
0.01828
0.01505
0.01075
0.01210
0.01613
0.02473
0.00645
0.01075
0.00968
0.02473
0.05376

0.05161
0.02903
0.01720
0.01505
0.00645
0.02043
0.01290
0.01290
0.01398
0.01398
0.02043
0.03118
0.08602

0.05591
0.02796
0.01828
0.01613
0.01290
0.01613
0.01290
0.00860
0.00968
0.00860
0.01720
0.04086
0.08602

0.05484
0.03226
0.01720
0.01398
0.01613
0.00968
0.00860
0.00538
0.00215
0.00753
0.01720
0.03118
0.05699

0.04731
0.02903
0.02366
0.01398
0.00430
0.00430
0.11720
0.01075
0.00215
0.01075
0.02366
0.02688
0.05914

0.0495
0.0194
0.0170
0.0157
0.0102
0.0074
0.0102
0.0079
0.0097
0.0152
0.0244
0.0329
0.0546

0.0507
0.0296
0.0243
0.0146
0.0093
0.0082
0.0105
0.0084
0.0116
0.0174
0.0200
0.0241
0.0534






0.08172
0.03118
0.02151
0.01720
0.01183
0.01075
0.01720
0.01720
0.00753
0.00753
0.00860
0.02151
0.05054
0.05161
0.03333
0.01720
0.01290
0.01183
0.01183
0.01720
0.01075
0.00323
0.00645
0.01935
0.03441
0.08065
0.04839
0.02043
0.00860
0.01183
0.00645
0.01183
0.00753
0.00215
0.00860
0.01075
0.01183
0.03763
0.07634
0.05484
0.02796
0.00430
0.01398
0.00968
0.00108
0.00000
0.00538
0.00968
0.01075
0.01398
0.03118
0.04839
0.04516
0.01613
0.01828
0.01720
0.00753
0.00323
0.00108
0.00538
0.02903
0.01290
0.02903
0.03333
0.05484
0.05161
0.02903
0.02366
0.01613
0.00860
0.00215
0.00538
0.01183
0.01075
0.01935
0.01720
0.02473
0.05376
0.05161
0.03656
0.01720
0.00645
0.01183
0.00645
0.00753
0.00753
0.00323
0.01505
0.00753
0.02151
0.04946
0.10753
0.05376
0.02581
0.01505
0.00968
0.00215
0.00968
0.00753
0.01183
0.00860
0.01075
0.01290
0.05054
0.09462
0.04086
0.02796
0.02151
0.01398
0.00538
0.01935
0.00968
0.00968
0.00645
0.00753
0.02151
0.05054
0.05376
0.03548
0.01935
0.02043
0.01613
0.01398
0.01398
0.01505
0.00645
0.01505
0.02151
0.03226
0.09355
0.05376
0.02151
0.01183
0.01183
0.00645
0.01398
0.00430
0.00968
0.00968
0.01290
0.02043
0.04409
0.10215
0.04946
0.02151
0.02043
0.00645
0.00645
0.00108
0.00645
0.00430
0.00538
0.01075
0.02258
0.04409
0.05054
0.03978
0.01290
0.01290
0.00645
0.00753
0.00215
0.00538
0.01183
0.01183
0.01720
0.02688
0.02796
0.04301
0.04409
0.03118
0.01613
0.01183
0.03333
0.00323
0.00753
0.00430
0.01398
0.01398
0.01183
0.02366
0.05269