2.0919
0.3666
0.5865
0.7576
0.958
1.1828
1.52
1.4516
1.1144
0.8993
3.5191
0.5572
0.3324
1.261
0.0684
0.3128
0.5181
0.7283
0.9189
1.1339
1.3832
1.2854
1.002
3.5582
0.6549
0.4741
1.6178
0.3226
0.3079
0.3128
0.5621
0.7527
0.9189
1.0704
1.3099
1.3441
3.5973
0.8749
0.7038
1.7498
0.5621
0.3568
0.1515
0.3715
0.5963
0.7674
0.9042
1.0655
1.3685
3.7048
1.1193
0.9042
1.0313
0.3226
0.2493
0.132
0.0587
0.1613
0.2639
0.3128
0.3421
0.3617
0.3812
0.391
0.4057
2.087
0.8602
0.6745
0.4741
0.2688
0.2493
0.2835
0.4399
0.5963
0.782
1.0166
3.8172
1.3636
2.3851
1.1095
0.8847
0.7038
0.5425
0.3324
0.0782
0.259
0.4399
0.6305
0.8358
3.9932
1.393
3.3382
1.4956
1.1681
0.9335
0.7576
0.6012
0.3812
0.0782
0.3128
0.5523
0.7576
3.9541
1.173
2.0626
0.3666
0.5865
0.7478
0.9433
1.1584
1.4809
1.4321
1.0997
0.9238
3.6119
0.5572
0.3177
1.2463
0.0635
0.3128
0.5034
0.6989
0.8847
1.0948
1.3441
1.2561
1.0215
4.1838
0.6452
0.4594
1.608
0.3226
0.3079
0.303
0.5425
0.7283
0.8993
1.0557
1.2952
1.3978
3.6657
0.8749
0.6989
1.7253
0.5621
0.3617
0.2102
0.3715
0.5963
0.7674
0.9042
1.085
1.4223
3.8563
1.0899
0.8944
1.0215
0.3275
0.2444
0.132
0.0782
0.1564
0.2542
0.3128
0.3372
0.3617
0.3763
0.3861
0.3861
2.0332
0.826
0.65
0.4594
0.2493
0.0489
0.2835
0.4448
0.5963
0.7918
0.9677
3.9443
1.3245
2.3412
1.0802
0.8602
0.6598
0.4839
0.3079
0.1466
0.2346
0.4301
0.6256
0.782
3.9247
1.3343
3.2893
1.4712
1.1437
0.9042
0.7283
0.5767
0.3666
0.0733
0.2981
0.5376
0.6989
4.0323
1.1241