0.0083762810
0.0037566380
0.0023996440
0.0016093710
0.0013858190
0.0012456640
0.0011889080
0.0012129700
0.0013178490
0.0017134070
0.0023996440
0.0043955940
0.0077012570
0.0083762810
0.0043955940
0.0021719990
0.0017054950
0.0013858190
0.0012129700
0.0011379310
0.0011607030
0.0013178490
0.0016093710
0.0021719990
0.0030057320
0.0077012570
0.0083762810
0.0077012570
0.0030057320
0.0021719990
0.0016093710
0.0013178490
0.0011607030
0.0011379310
0.0012129700
0.0013858190
0.0017054950
0.0021719990
0.0043955940
0.0037566380
0.0083762810
0.0077012570
0.0043955940
0.0023996440
0.0017134070
0.0013178490
0.0012129700
0.0011889080
0.0012456640
0.0013858190
0.0016093710
0.0023996440
0.0023996440
0.0043955940
0.0077012570
0.0083762810
0.0037566380
0.0023996440
0.0016093710
0.0013858190
0.0012456640
0.0011889080
0.0012129700
0.0013178490
0.0017134070
0.0016093710
0.0021719990
0.0030057320
0.0077012570
0.0083762810
0.0043955940
0.0021719990
0.0017054950
0.0013858190
0.0012129700
0.0011379310
0.0011607030
0.0013178490
0.0013858190
0.0017054950
0.0021719990
0.0043955940
0.0083762810
0.0077012570
0.0030057320
0.0021719990
0.0016093710
0.0013178490
0.0011607030
0.0011379310
0.0012129700
0.0012456640
0.0013858190
0.0016093710
0.0023996440
0.0037566380
0.0083762810
0.0077012570
0.0043955940
0.0023996440
0.0017134070
0.0013178490
0.0012129700
0.0011889080
0.0011889080
0.0012129700
0.0013178490
0.0017134070
0.0023996440
0.0043955940
0.0077012570
0.0083762810
0.0037566380
0.0023996440
0.0016093710
0.0013858190
0.0012456640
0.0012129700
0.0011379310
0.0011607030
0.0013178490
0.0016093710
0.0021719990
0.0030057320
0.0077012570
0.0083762810
0.0043955940
0.0021719990
0.0017054950
0.0013858190
0.0013178490
0.0011607030
0.0011379310
0.0012129700
0.0013858190
0.0017054950
0.0021719990
0.0043955940
0.0083762810
0.0077012570
0.0030057320
0.0021719990
0.0016093710
0.0017134070
0.0013178490
0.0012129700
0.0011889080
0.0012456640
0.0013858190
0.0016093710
0.0023996440
0.0037566380
0.0083762810
0.0077012570
0.0043955940
0.0023996440
0.0023996440
0.0016093710
0.0013858190
0.0012456640
0.0011889080
0.0012129700
0.0013178490
0.0017134070
0.0023996440
0.0043955940
0.0077012570
0.0083762810
0.0037566380
0.0043955940
0.0021719990
0.0017054950
0.0013858190
0.0012129700
0.0011379310
0.0011607030
0.0013178490
0.0016093710
0.0021719990
0.0030057320
0.0077012570
0.0083762810
0.0077012570
0.0030057320
0.0021719990
0.0016093710
0.0013178490
0.0011607030
0.0011379310
0.0012129700
0.0013858190
0.0017054950
0.0021719990
0.0043955940
0.0083762810
0.0077012570
0.0043955940
0.0023996440
0.0017134070
0.0013178490
0.0012129700
0.0011889080
0.0012456640
0.0013858190
0.0016093710
0.0023996440
0.0037566380
0.0083762810