0.0754
0.0478
0.0282
0.0168
0.0136
0.0119
0.0112
0.0149
0.0229
0.0241
0.0215
0.0368
0.0697
0.1195
0.0611
0.0288
0.0214
0.0163
0.0132
0.0145
0.0205
0.0209
0.0164
0.0183
0.0265
0.0709
0.1190
0.0489
0.0344
0.0244
0.0183
0.0182
0.0238
0.0240
0.0178
0.0171
0.0215
0.0408
0.0753
0.0755
0.0425
0.0281
0.0200
0.0185
0.0235
0.0235
0.0171
0.0155
0.0185
0.0291
0.0478
0.1195
0.0768
0.0339
0.0214
0.0168
0.0198
0.0192
0.0137
0.0117
0.0131
0.0185
0.0282
0.0615
0.1191
0.0753
0.0379
0.0197
0.0198
0.0189
0.0128
0.0099
0.0103
0.0125
0.0168
0.0288
0.0489
0.0753
0.0697
0.0274
0.0238
0.0221
0.0143
0.0103
0.0100
0.0111
0.0136
0.0214
0.0344
0.0463
0.0769
0.0713
0.0417
0.0342
0.0205
0.0130
0.0115
0.0110
0.0119
0.0163
0.0244
0.0281
0.0339
0.0753
0.0726
0.0550
0.0311
0.0177
0.0143
0.0120
0.0112
0.0132
0.0182
0.0200
0.0214
0.0379
0.0697
0.1406
0.0724
0.0341
0.0253
0.0187
0.0148
0.0146
0.0182
0.0186
0.0168
0.0197
0.0273
0.0713
0.1438
0.0623
0.0443
0.0309
0.0229
0.0205
0.0239
0.0236
0.0198
0.0192
0.0238
0.0416
0.0726
0.0800
0.0523
0.0334
0.0241
0.0209
0.0239
0.0235
0.0195
0.0189
0.0221
0.0342
0.0550
0.1413
0.0753
0.0332
0.0215
0.0163
0.0178
0.0171
0.0137
0.0127
0.0142
0.0204
0.0311
0.0724
0.1437
0.0722
0.0368
0.0183
0.0171
0.0155
0.0117
0.0099
0.0103
0.0130
0.0177
0.0343
0.0623
0.0801
0.0697
0.0265
0.0215
0.0186
0.0131
0.0103
0.0100
0.0115
0.0143
0.0253
0.0442
0.0522
0.0754
0.0709
0.0408
0.0291
0.0185
0.0125
0.0110
0.0110
0.0120
0.0187
0.0309
0.0333
0.0332
0.0722