0.1019154000
0.0422211900
0.0239267600
0.0183643900
0.0169376900
0.0164084600
0.0159588100
0.0159654200
0.0164385200
0.0181900100
0.0239267600
0.0393097000
0.0881124700
0.1019154000
0.0393097000
0.0208510700
0.0180125300
0.0169376900
0.0159654200
0.0157280000
0.0158585100
0.0164385200
0.0183643900
0.0208510700
0.0277416000
0.0881124700
0.1019154000
0.0881124700
0.0277416000
0.0208510700
0.0183643900
0.0164385200
0.0158585100
0.0157280000
0.0159654200
0.0169376900
0.0180125300
0.0208510700
0.0393097000
0.0422211900
0.1019154000
0.0881124700
0.0393097000
0.0239267600
0.0181900100
0.0164385200
0.0159654200
0.0159588100
0.0164084600
0.0169376900
0.0183643900
0.0239267600
0.0239267600
0.0393097000
0.0881124700
0.1019154000
0.0422211900
0.0239267600
0.0183643900
0.0169376900
0.0164084600
0.0159588100
0.0159654200
0.0164385200
0.0181900100
0.0183643900
0.0208510700
0.0277416000
0.0881124700
0.1019154000
0.0393097000
0.0208510700
0.0180125300
0.0169376900
0.0159654200
0.0157280000
0.0158585100
0.0164385200
0.0169376900
0.0180125300
0.0208510700
0.0393097000
0.1019154000
0.0881124700
0.0277416000
0.0208510700
0.0183643900
0.0164385200
0.0158585100
0.0157280000
0.0159654200
0.0164084600
0.0169376900
0.0183643900
0.0239267600
0.0422211900
0.1019154000
0.0881124700
0.0393097000
0.0239267600
0.0181900100
0.0164385200
0.0159654200
0.0159588100
0.0159588100
0.0159654200
0.0164385200
0.0181900100
0.0239267600
0.0393097000
0.0881124700
0.1019154000
0.0422211900
0.0239267600
0.0183643900
0.0169376900
0.0164084600
0.0159654200
0.0157280000
0.0158585100
0.0164385200
0.0183643900
0.0208510700
0.0277416000
0.0881124700
0.1019154000
0.0393097000
0.0208510700
0.0180125300
0.0169376900
0.0164385200
0.0158585100
0.0157280000
0.0159654200
0.0169376900
0.0180125300
0.0208510700
0.0393097000
0.1019154000
0.0881124700
0.0277416000
0.0208510700
0.0183643900
0.0181900100
0.0164385200
0.0159654200
0.0159588100
0.0164084600
0.0169376900
0.0183643900
0.0239267600
0.0422211900
0.1019154000
0.0881124700
0.0393097000
0.0239267600
0.0239267600
0.0183643900
0.0169376900
0.0164084600
0.0159588100
0.0159654200
0.0164385200
0.0181900100
0.0239267600
0.0393097000
0.0881124700
0.1019154000
0.0422211900
0.0393097000
0.0208510700
0.0180125300
0.0169376900
0.0159654200
0.0157280000
0.0158585100
0.0164385200
0.0183643900
0.0208510700
0.0277416000
0.0881124700
0.1019154000
0.0881124700
0.0277416000
0.0208510700
0.0183643900
0.0164385200
0.0158585100
0.0157280000
0.0159654200
0.0169376900
0.0180125300
0.0208510700
0.0393097000
0.1019154000
0.0881124700
0.0393097000
0.0239267600
0.0181900100
0.0164385200
0.0159654200
0.0159588100
0.0164084600
0.0169376900
0.0183643900
0.0239267600
0.0422211900
0.1019154000