0.0753792000
0.0481925300
0.0285344700
0.0171542600
0.0140518800
0.0120007400
0.0110008400
0.0139979100
0.0209919600
0.0227459100
0.0254783500
0.0408885900
0.0689766500
0.1205445000
0.0621721800
0.0292440000
0.0217599200
0.0163281800
0.0129487800
0.0136310700
0.0183750600
0.0191245700
0.0185369800
0.0210332400
0.0266133600
0.0703057000
0.0753792000
0.1198523000
0.0492862900
0.0347842400
0.0243259800
0.0179115000
0.0168851100
0.0212468000
0.0216322600
0.0194081400
0.0195723600
0.0221249200
0.0407272000
0.0481925300
0.1205445000
0.0762515100
0.0470298900
0.0281899500
0.0197317000
0.0173936200
0.0211757100
0.0213489600
0.0185275700
0.0178485600
0.0193119100
0.0294265700
0.0285344700
0.0621721800
0.1198523000
0.0774219500
0.0338916700
0.0212223800
0.0159424700
0.0180519400
0.0178368100
0.0145343700
0.0131977500
0.0138269500
0.0189392000
0.0171542600
0.0292440000
0.0492862900
0.0762515100
0.0755466700
0.0381327000
0.0191903400
0.0187195900
0.0178012000
0.0131790700
0.0108881100
0.0109283300
0.0130170500
0.0140518800
0.0217599200
0.0347842400
0.0470298900
0.0774219500
0.0704626600
0.0271372400
0.0231786700
0.0212421200
0.0144616700
0.0109196400
0.0106160400
0.0116601200
0.0120007400
0.0163281800
0.0243259800
0.0281899500
0.0338916700
0.0755466700
0.0714531600
0.0421778300
0.0343385000
0.0201411900
0.0125356800
0.0115219800
0.0113436700
0.0110008400
0.0129487800
0.0179115000
0.0197317000
0.0212223800
0.0381327000
0.0704626600
0.0757170700
0.0570903300
0.0302176100
0.0157362200
0.0136461500
0.0120676900
0.0139979100
0.0136310700
0.0168851100
0.0173936200
0.0159424700
0.0191903400
0.0271372400
0.0714531600
0.1471930000
0.0699975100
0.0285446800
0.0228345600
0.0179856300
0.0209919600
0.0183750600
0.0212468000
0.0211757100
0.0180519400
0.0187195900
0.0231786700
0.0421778300
0.0757170700
0.1394809000
0.0509610800
0.0390872100
0.0290975000
0.0227459100
0.0191245700
0.0216322600
0.0213489600
0.0178368100
0.0178012000
0.0212421200
0.0343385000
0.0570903300
0.1471930000
0.0692625900
0.0480018500
0.0324962900
0.0254783500
0.0185369800
0.0194081400
0.0185275700
0.0145343700
0.0131790700
0.0144616700
0.0201411900
0.0302176100
0.0699975100
0.1394809000
0.0811849500
0.0402322600
0.0408885900
0.0210332400
0.0195723600
0.0178485600
0.0131977500
0.0108881100
0.0109196400
0.0125356800
0.0157362200
0.0285446800
0.0509610800
0.0692625900
0.0791384200
0.0689766500
0.0266133600
0.0221249200
0.0193119100
0.0138269500
0.0109283300
0.0106160400
0.0115219800
0.0136461500
0.0228345600
0.0390872100
0.0480018500
0.0811849500
0.0703057000
0.0407272000
0.0294265700
0.0189392000
0.0130170500
0.0116601200
0.0113436700
0.0120676900
0.0179856300
0.0290975000
0.0324962900
0.0402322600
0.0791384200