0.04270
0.01910
0.01270
0.00930
0.00850
0.00820
0.00800
0.00810
0.00830
0.00980
0.01270
0.02220
0.03820
0.04230
0.02200
0.01130
0.00960
0.00850
0.00800
0.00780
0.00790
0.00830
0.00920
0.01130
0.01460
0.03820
0.04260
0.03870
0.01490
0.01140
0.00930
0.00840
0.00790
0.00790
0.00800
0.00860
0.00970
0.01140
0.02250
0.01910
0.04230
0.03830
0.02170
0.01250
0.00990
0.00840
0.00790
0.00790
0.00810
0.00850
0.00910
0.01270
0.01270
0.02210
0.03860
0.04200
0.01900
0.01270
0.00930
0.00850
0.00810
0.00800
0.00810
0.00830
0.00990
0.00920
0.01110
0.01450
0.03800
0.04260
0.02240
0.01150
0.00970
0.00850
0.00810
0.00790
0.00790
0.00850
0.00850
0.00960
0.01140
0.02220
0.04220
0.03860
0.01490
0.01140
0.00920
0.00840
0.00790
0.00770
0.00800
0.00810
0.00850
0.00920
0.01270
0.01890
0.04230
0.03900
0.02240
0.01270
0.01000
0.00840
0.00800
0.00800
0.00790
0.00800
0.00840
0.00990
0.01270
0.02240
0.03860
0.04230
0.01890
0.01270
0.00920
0.00850
0.00810
0.00810
0.00780
0.00790
0.00840
0.00920
0.01150
0.01490
0.03880
0.04230
0.02250
0.01150
0.00960
0.00860
0.00840
0.00790
0.00770
0.00800
0.00850
0.00950
0.01110
0.02220
0.04120
0.03880
0.01490
0.01130
0.00930
0.00980
0.00830
0.00800
0.00790
0.00810
0.00850
0.00920
0.01270
0.01850
0.04140
0.03830
0.02200
0.01270
0.01260
0.00890
0.00850
0.00790
0.00780
0.00790
0.00800
0.00960
0.01240
0.02210
0.03810
0.04080
0.01830
0.02200
0.01120
0.00940
0.00840
0.00780
0.00770
0.00760
0.00820
0.00900
0.01140
0.01470
0.03780
0.04140
0.03830
0.01460
0.01140
0.00920
0.00830
0.00790
0.00780
0.00800
0.00850
0.00960
0.01130
0.02200
0.04220
0.03830
0.02220
0.01280
0.00970
0.00820
0.00790
0.00780
0.00800
0.00840
0.00910
0.01240
0.01870
0.04160