0.2159256000
0.1010175000
0.0681555900
0.0451338500
0.0319522900
0.0271603400
0.0307580000
0.0347449600
0.0391212200
0.0526030800
0.0751905300
0.0595241500
0.0975957900
0.2135602000
0.1164624000
0.0577882800
0.0375379600
0.0276116300
0.0280092900
0.0293248500
0.0315582800
0.0380682400
0.0488547200
0.0325209100
0.0393264100
0.2101367000
0.2159256000
0.1993222000
0.0785783700
0.0474640900
0.0307637900
0.0284774700
0.0280140300
0.0293734600
0.0339713200
0.0418076100
0.0265618400
0.0292841000
0.1239792000
0.1010175000
0.2135602000
0.1976215000
0.1005810000
0.0462522100
0.0346352500
0.0288067400
0.0287666600
0.0314316000
0.0368015800
0.0223300600
0.0225271600
0.0720676400
0.0681555900
0.1164624000
0.1993222000
0.1968886000
0.0740768700
0.0464826400
0.0317029700
0.0297378700
0.0304490900
0.0338366100
0.0198255900
0.0190555800
0.0544019200
0.0451338500
0.0577882800
0.0785783700
0.1976215000
0.2089111000
0.1002514000
0.0418381800
0.0336714400
0.0300064400
0.0308431700
0.0172285200
0.0157883800
0.0406150700
0.0319522900
0.0375379600
0.0474640900
0.1005810000
0.1968886000
0.1959415000
0.0592123600
0.0405673700
0.0301036600
0.0278212400
0.0145388300
0.0127255500
0.0307071000
0.0271603400
0.0276116300
0.0307637900
0.0462522100
0.0740768700
0.2089111000
0.1835197000
0.1011828000
0.0531929600
0.0395501200
0.0174388600
0.0138101400
0.0294099300
0.0307580000
0.0280092900
0.0284774700
0.0346352500
0.0464826400
0.1002514000
0.1959415000
0.2155178000
0.0992743400
0.0660298100
0.0259286000
0.0190421500
0.0367235800
0.0347449600
0.0293248500
0.0280140300
0.0288067400
0.0317029700
0.0418381800
0.0592123600
0.1835197000
0.2199911000
0.1215279000
0.0373769000
0.0253025300
0.0442743600
0.0391212200
0.0315582800
0.0293734600
0.0287666600
0.0297378700
0.0336714400
0.0405673700
0.1011828000
0.2155178000
0.2060443000
0.0517837800
0.0325912800
0.0520622700
0.0526030800
0.0380682400
0.0339713200
0.0314316000
0.0304490900
0.0300064400
0.0301036600
0.0531929600
0.0992743400
0.2199911000
0.1346678000
0.0684770000
0.0775758400
0.0751905300
0.0488547200
0.0418076100
0.0368015800
0.0338366100
0.0308431700
0.0278212400
0.0395501200
0.0660298100
0.1215279000
0.2060443000
0.1329597000
0.1208151000
0.0595241500
0.0325209100
0.0265618400
0.0223300600
0.0198255900
0.0172285200
0.0145388300
0.0174388600
0.0259286000
0.0373769000
0.0517837800
0.1346678000
0.1075716000
0.0975957900
0.0393264100
0.0292841000
0.0225271600
0.0190555800
0.0157883800
0.0127255500
0.0138101400
0.0190421500
0.0253025300
0.0325912800
0.0684770000
0.1329597000
0.2101367000
0.1239792000
0.0720676400
0.0544019200
0.0406150700
0.0307071000
0.0294099300
0.0367235800
0.0442743600
0.0520622700
0.0775758400
0.1208151000
0.1075716000