0.21816
0.10225
0.06842
0.04449
0.03048
0.02332
0.02299
0.02798
0.03829
0.05568
0.08015
0.05685
0.09796
0.21455
0.11666
0.05723
0.03628
0.02436
0.02147
0.02376
0.03123
0.04138
0.05419
0.02893
0.03917
0.21387
0.21816
0.19967
0.07834
0.04658
0.02800
0.02262
0.02316
0.02962
0.03758
0.04705
0.02320
0.02891
0.12663
0.10225
0.21455
0.19776
0.10021
0.04410
0.02943
0.02459
0.02956
0.03532
0.04187
0.01913
0.02192
0.07366
0.06842
0.11666
0.19967
0.19717
0.07264
0.04191
0.02805
0.03107
0.03461
0.03866
0.01672
0.01820
0.05494
0.04449
0.05723
0.07834
0.19776
0.20860
0.09739
0.03961
0.03528
0.03365
0.03474
0.01412
0.01464
0.04012
0.03048
0.03628
0.04658
0.10021
0.19717
0.19589
0.05928
0.04217
0.03244
0.03010
0.01133
0.01125
0.02918
0.02332
0.02436
0.02800
0.04410
0.07264
0.20860
0.19531
0.10224
0.04955
0.03723
0.01168
0.01061
0.02487
0.02299
0.02147
0.02262
0.02943
0.04191
0.09739
0.19589
0.21548
0.08496
0.05615
0.01517
0.01273
0.02719
0.02798
0.02376
0.02316
0.02459
0.02805
0.03961
0.05928
0.19531
0.20835
0.11502
0.02405
0.01842
0.03582
0.03829
0.03123
0.02962
0.02956
0.03107
0.03528
0.04217
0.10224
0.21548
0.21387
0.03829
0.02770
0.05078
0.05568
0.04138
0.03758
0.03532
0.03461
0.03365
0.03244
0.04955
0.08496
0.20835
0.09890
0.05730
0.08049
0.08015
0.05419
0.04705
0.04187
0.03866
0.03474
0.03010
0.03723
0.05615
0.11502
0.21387
0.10722
0.12494
0.05685
0.02893
0.02320
0.01913
0.01672
0.01412
0.01133
0.01168
0.01517
0.02405
0.03829
0.09890
0.10698
0.09796
0.03917
0.02891
0.02192
0.01820
0.01464
0.01125
0.01061
0.01273
0.01842
0.02770
0.05730
0.10722
0.21387
0.12663
0.07366
0.05494
0.04012
0.02918
0.02487
0.02719
0.03582
0.05078
0.08049
0.12494
0.10698