0.1127596000
0.0626252700
0.0479181700
0.0352529000
0.0323190900
0.0298076000
0.0292432700
0.0300015700
0.0316221100
0.0391096500
0.0479181700
0.0760484700
0.1064214000
0.1127596000
0.0760484700
0.0450617800
0.0386129100
0.0323190900
0.0300015700
0.0285374500
0.0288156500
0.0316221100
0.0352529000
0.0450617800
0.0550933500
0.1064214000
0.1127596000
0.1064214000
0.0550933500
0.0450617800
0.0352529000
0.0316221100
0.0288156500
0.0285374500
0.0300015700
0.0323190900
0.0386129100
0.0450617800
0.0760484700
0.0626252700
0.1127596000
0.1064214000
0.0760484700
0.0479181700
0.0391096500
0.0316221100
0.0300015700
0.0292432700
0.0298076000
0.0323190900
0.0352529000
0.0479181700
0.0479181700
0.0760484700
0.1064214000
0.1127596000
0.0626252700
0.0479181700
0.0352529000
0.0323190900
0.0298076000
0.0292432700
0.0300015700
0.0316221100
0.0391096500
0.0352529000
0.0450617800
0.0550933500
0.1064214000
0.1127596000
0.0760484700
0.0450617800
0.0386129100
0.0323190900
0.0300015700
0.0285374500
0.0288156500
0.0316221100
0.0323190900
0.0386129100
0.0450617800
0.0760484700
0.1127596000
0.1064214000
0.0550933500
0.0450617800
0.0352529000
0.0316221100
0.0288156500
0.0285374500
0.0300015700
0.0298076000
0.0323190900
0.0352529000
0.0479181700
0.0626252700
0.1127596000
0.1064214000
0.0760484700
0.0479181700
0.0391096500
0.0316221100
0.0300015700
0.0292432700
0.0292432700
0.0300015700
0.0316221100
0.0391096500
0.0479181700
0.0760484700
0.1064214000
0.1127596000
0.0626252700
0.0479181700
0.0352529000
0.0323190900
0.0298076000
0.0300015700
0.0285374500
0.0288156500
0.0316221100
0.0352529000
0.0450617800
0.0550933500
0.1064214000
0.1127596000
0.0760484700
0.0450617800
0.0386129100
0.0323190900
0.0316221100
0.0288156500
0.0285374500
0.0300015700
0.0323190900
0.0386129100
0.0450617800
0.0760484700
0.1127596000
0.1064214000
0.0550933500
0.0450617800
0.0352529000
0.0391096500
0.0316221100
0.0300015700
0.0292432700
0.0298076000
0.0323190900
0.0352529000
0.0479181700
0.0626252700
0.1127596000
0.1064214000
0.0760484700
0.0479181700
0.0479181700
0.0352529000
0.0323190900
0.0298076000
0.0292432700
0.0300015700
0.0316221100
0.0391096500
0.0479181700
0.0760484700
0.1064214000
0.1127596000
0.0626252700
0.0760484700
0.0450617800
0.0386129100
0.0323190900
0.0300015700
0.0285374500
0.0288156500
0.0316221100
0.0352529000
0.0450617800
0.0550933500
0.1064214000
0.1127596000
0.1064214000
0.0550933500
0.0450617800
0.0352529000
0.0316221100
0.0288156500
0.0285374500
0.0300015700
0.0323190900
0.0386129100
0.0450617800
0.0760484700
0.1127596000
0.1064214000
0.0760484700
0.0479181700
0.0391096500
0.0316221100
0.0300015700
0.0292432700
0.0298076000
0.0323190900
0.0352529000
0.0479181700
0.0626252700
0.1127596000