0.05230
0.03320
0.01930
0.01160
0.00940
0.00820
0.00780
0.01030
0.01570
0.01650
0.01470
0.02540
0.04880
0.08420
0.04310
0.02020
0.01500
0.01130
0.00910
0.01010
0.01410
0.01440
0.01130
0.01250
0.01760
0.04710
0.04950
0.07920
0.03210
0.02280
0.01620
0.01210
0.01190
0.01560
0.01570
0.01170
0.01120
0.01420
0.02680
0.03140
0.07880
0.04980
0.03070
0.01870
0.01340
0.01230
0.01560
0.01530
0.01120
0.01030
0.01230
0.01920
0.01870
0.04090
0.07970
0.05220
0.02290
0.01430
0.01140
0.01340
0.01330
0.00950
0.00800
0.00900
0.01270
0.01150
0.01980
0.03340
0.05230
0.05220
0.02610
0.01370
0.01380
0.01320
0.00880
0.00690
0.00720
0.00860
0.00950
0.01490
0.02370
0.03210
0.05290
0.04770
0.01880
0.01640
0.01520
0.00980
0.00700
0.00680
0.00740
0.00800
0.01080
0.01630
0.01890
0.02250
0.04970
0.04680
0.02730
0.02240
0.01340
0.00850
0.00750
0.00710
0.00710
0.00840
0.01160
0.01270
0.01360
0.02440
0.04460
0.04690
0.03570
0.02040
0.01170
0.00940
0.00790
0.00980
0.00960
0.01180
0.01220
0.01110
0.01300
0.01810
0.04710
0.09220
0.04740
0.02250
0.01680
0.01240
0.01520
0.01350
0.01580
0.01560
0.01300
0.01310
0.01550
0.02760
0.04810
0.09620
0.04170
0.02990
0.02080
0.01620
0.01400
0.01610
0.01590
0.01300
0.01250
0.01450
0.02260
0.03620
0.09230
0.05190
0.03370
0.02140
0.01360
0.01040
0.01120
0.01110
0.00890
0.00830
0.00910
0.01310
0.01980
0.04620
0.09290
0.04900
0.02140
0.02370
0.01190
0.01120
0.01030
0.00770
0.00650
0.00680
0.00860
0.01160
0.02250
0.04080
0.05280
0.04820
0.04560
0.01720
0.01410
0.01200
0.00860
0.00670
0.00650
0.00750
0.00940
0.01660
0.02860
0.03370
0.04880
0.04650
0.02650
0.01890
0.01210
0.00820
0.00730
0.00730
0.00800
0.01260
0.02080
0.02230
0.02230
0.04820