0.0164
0.0103
0.0062
0.0036
0.0030
0.0025
0.0025
0.0033
0.0050
0.0053
0.0046
0.0080
0.0152
0.0258
0.0133
0.0062
0.0045
0.0035
0.0028
0.0031
0.0044
0.0045
0.0035
0.0040
0.0058
0.0154
0.0255
0.0105
0.0074
0.0052
0.0039
0.0039
0.0051
0.0051
0.0038
0.0037
0.0046
0.0088
0.0162
0.0162
0.0098
0.0061
0.0044
0.0040
0.0051
0.0051
0.0037
0.0033
0.0040
0.0062
0.0103
0.0257
0.0166
0.0074
0.0046
0.0036
0.0043
0.0042
0.0029
0.0025
0.0028
0.0040
0.0060
0.0133
0.0258
0.0163
0.0082
0.0043
0.0043
0.0041
0.0028
0.0022
0.0022
0.0027
0.0036
0.0063
0.0106
0.0164
0.0152
0.0060
0.0052
0.0048
0.0031
0.0022
0.0022
0.0024
0.0028
0.0046
0.0075
0.0101
0.0166
0.0155
0.0091
0.0075
0.0044
0.0028
0.0025
0.0024
0.0026
0.0035
0.0052
0.0061
0.0074
0.0164
0.0158
0.0120
0.0068
0.0039
0.0032
0.0026
0.0024
0.0028
0.0040
0.0043
0.0046
0.0083
0.0152
0.0306
0.0157
0.0075
0.0055
0.0041
0.0032
0.0030
0.0039
0.0040
0.0037
0.0043
0.0059
0.0153
0.0307
0.0134
0.0095
0.0066
0.0048
0.0044
0.0051
0.0050
0.0042
0.0043
0.0050
0.0090
0.0156
0.0171
0.0111
0.0072
0.0051
0.0045
0.0051
0.0050
0.0041
0.0040
0.0047
0.0073
0.0118
0.0302
0.0162
0.0072
0.0047
0.0035
0.0038
0.0037
0.0029
0.0028
0.0030
0.0044
0.0067
0.0157
0.0312
0.0156
0.0080
0.0040
0.0037
0.0034
0.0025
0.0022
0.0022
0.0028
0.0038
0.0074
0.0135
0.0174
0.0151
0.0058
0.0048
0.0040
0.0029
0.0022
0.0022
0.0025
0.0031
0.0055
0.0096
0.0113
0.0163
0.0153
0.0089
0.0064
0.0040
0.0027
0.0024
0.0024
0.0026
0.0041
0.0067
0.0072
0.0073
0.0157